labyrinth DB 3, 3, 3, 3, 3, 3, 3, 3, 3, 3, 3, 3, 3, 3, 3, 3, 3, 3,	;0
		  DB 3, 1, 1, 1, 1, 1, 3, 1, 1, 1, 1, 3, 1, 1, 1, 1, 1, 3,	;1
		  DB 3, 1, 3, 3, 3, 1, 1, 1, 3, 3, 1, 1, 1, 3, 3, 3, 1, 3, 	;2
		  DB 3, 1, 1, 1, 1, 1, 3, 1, 3, 3, 1, 3, 1, 1, 1, 1, 1, 3,	;3
		  DB 3, 1, 3, 3, 3, 1, 3, 1, 3, 3, 1, 3, 1, 3, 3, 3, 1, 3,	;4
		  DB 3, 1, 3, 3, 1, 1, 1, 1, 1, 1, 1, 1, 1, 1, 3, 3, 1, 3,	;5
		  DB 3, 1, 1, 3, 1, 3, 1, 3, 1, 1, 3, 1, 3, 1, 3, 1, 1, 3,	;6
		  DB 3, 1, 1, 1, 1, 3, 0, 3, 4, 4, 3, 0, 3, 1, 1, 1, 1, 3,	;7
		  DB 3, 3, 3, 1, 3, 3, 0, 0, 3, 3, 0, 0, 3, 3, 1, 3, 3, 3,	;8
		  DB 3, 1, 1, 1, 1, 1, 0, 3, 3, 3, 3, 0, 1, 1, 1, 1, 1, 3,	;9
		  DB 3, 1, 1, 3, 1, 3, 0, 0, 0, 0, 0, 0, 3, 1, 3, 1, 1, 3,	;9
		  DB 3, 1, 3, 3, 1, 1, 1, 3, 1, 1, 3, 1, 1, 1, 3, 3, 1, 3,	;10
		  DB 3, 1, 3, 3, 3, 1, 3, 3, 1, 1, 3, 3, 1, 3, 3, 3, 1, 3,	;11
		  DB 3, 3, 1, 1, 1, 1, 3, 1, 1, 1, 1, 3, 1, 1, 1, 1, 3, 3,	;12
		  DB 3, 1, 1, 3, 1, 3, 1, 1, 3, 3, 1, 1, 3, 1, 3, 1, 1, 3,	;13
		  DB 3, 1, 3, 3, 3, 3, 1, 3, 3, 3, 3, 1, 3, 3, 3, 3, 1, 3,	;14
		  DB 3, 2, 1, 1, 1, 1, 1, 1, 1, 1, 1, 1, 1, 1, 1, 1, 1, 3,	;16
		  DB 3, 3, 3, 3, 3, 3, 3, 3, 3, 3, 3, 3, 3, 3, 3, 3, 3, 3	;17